MAX_FRAME:1440
START_TICK:0
SECONDS_PER_TICK:60
FLOW_0:0,10263,1764,2919
FLOW_1:11666,0,1329,957
FLOW_2:432,1259,0,3115
FLOW_3:3206,182,2882,0
EQUATION:1.03402722e-06,-1.17820244e-04,5.64596000e-03, -0.147630007,2.28534212,-21.2630876,115.774508,-353.390993,676.613507, -993.579066,1651.47815
FLOW_DATA:inflow.csv
DECISION_LENGTH:30
OUTFLOW_STRAIGHT:20
OUTFLOW_LEFT:4
OUTFLOW_RIGHT:4